1528458008.214697227
1528458008.368878178
1528458008.468937755
1528458008.568565723
1528458008.667882320
1528458008.768334921
1528458008.868748464
1528458008.968643270
1528458009.68551185
1528458009.167438335
1528458009.268325500
1528458009.367765211
1528458009.469608445
1528458009.567786671
1528458009.667930551
1528458009.766324135
1528458009.867470021
1528458009.969001942
1528458010.68099726
1528458010.170327052
1528458010.269502582
1528458010.369078364
1528458010.468661485
1528458010.569003251
1528458010.670421275
1528458010.770375184
1528458010.868199613
1528458010.967557755
1528458011.66795832
1528458011.164110543
1528458011.270372756
1528458011.366399688
1528458011.469158792
1528458011.568683851
1528458011.666360633
1528458011.769760747
1528458011.868803586
1528458011.968284382
1528458012.67962313
1528458012.169272622
1528458012.268718133
1528458012.369661179
1528458012.467847719
1528458012.567577028
1528458012.663277759
1528458012.762285015
1528458012.867894640
1528458012.962951774
1528458013.68881465
1528458013.167340836
1528458013.267001138
1528458013.368086316
1528458013.468506661
1528458013.563287682
1528458013.667788421
1528458013.763743610
1528458013.867408982
1528458013.967340871
1528458014.68035011
1528458014.167936286
1528458014.268887606
1528458014.367307571
1528458014.462894730
1528458014.563810629
