1526306054.435337020
1526306054.538446293
1526306054.591195487
1526306054.692558124
1526306054.742156373
1526306054.782477581
1526306054.981712502
1526306055.132130546
1526306055.233149939
1526306055.387247118
1526306055.387247118
1526306055.483546744
1526306055.534648146
1526306055.587075785
1526306055.690974791
1526306055.783102377
1526306055.836027033
1526306055.933927603
1526306055.989485300
1526306056.89461574
1526306056.89461574
1526306056.383056804
1526306056.383056804
1526306056.581458331
1526306056.633303365
1526306056.689158573
1526306056.733856624
1526306056.981608982
1526306056.981608982
1526306057.235506531
1526306057.333416237
1526306057.384026183
1526306057.534257141
1526306057.581978392
1526306057.581978392
1526306057.736612394
1526306057.781556724
1526306057.781556724
1526306057.982334787
1526306058.34093098
1526306058.235237838
1526306058.235237838
1526306058.332491259
1526306058.332491259
1526306058.536507312
1526306058.634720571
1526306058.733305528
1526306058.783630104
1526306058.933282576
1526306058.981766133
1526306058.981766133
1526306059.87424251
1526306059.189731169
1526306059.189731169
1526306059.432478453
1526306059.531961654
1526306059.587601570
1526306059.735867397
1526306059.784413805
1526306059.784413805
1526306059.932990163
1526306060.31375431
1526306060.183509890
1526306060.183509890
1526306060.339555012
1526306060.381436154
1526306060.588250527
1526306060.588250527
1526306060.687110357
1526306060.787114902
1526306060.833221113
1526306060.937041754
1526306060.984313313
1526306061.137177795
1526306061.186591508
1526306061.392171451
1526306061.437727697
1526306061.536773947
1526306061.582828691
1526306061.733376151
1526306061.784212214
1526306061.784212214
1526306061.932533020
1526306062.33428419
1526306062.87938938
1526306062.184573072
1526306062.234228797
